0 nonworker 1014 0
1 student 940,492 0
2 worker 999,9998 0
3 nonworker 1044,4918 1,2436
4 student 926,492 0,345500000000001
5 worker 998,0018 0,2491
6 nonworker 1070,0018 7,19329999999936
7 student 960,002 1,88029999999998
8 worker 1017,9998 1,4599
9 nonworker 1070,4898 0,1400000000001
10 student 970,4918 5,02980000000007
11 worker 1017,9998 0,779999999999859
12 nonworker 1034,4898 4,79489999999925
13 student 964,492 3,13499999999996
14 worker 998,0018 0,169999999999845
15 nonworker 1032,4918 4,01269999999942
16 student 954,492 1,76810000000008
17 worker 999,9998 2,67339999999953
18 nonworker 1058,4918 0,334600000000052
19 student 994,492 1,99270000000001
20 worker 1017,9998 0,789999999999964
21 nonworker 962,0018 0,0599999999999454
22 student 986,4918 0,205999999999989
23 worker 1015,9998 1,81899999999951
24 nonworker 1019,9998 5,87229999999986
25 student 916,492 0,771999999999998
26 worker 1018,4918 2,70009999999965
27 nonworker 1058,0018 0
28 student 958,492 0,438900000000004
29 worker 1020,0018 1,479
30 nonworker 1044,492 2,2836
31 student 948,492 0
32 worker 1023,9998 1,33799999999993
33 nonworker 1085,9998 0,355500000000042
34 student 950,492 2,75160000000001
35 worker 1018,4918 0,860499999999798
36 nonworker 1066,4898 0,232400000000002
37 student 982,49 0,77190000000002
38 worker 1036,4898 1,90989999999973
39 nonworker 1024,4898 2,95219999999955
40 student 890,492 3,76110000000007
41 worker 1043,9998 3,29849999999978
42 nonworker 1090,4918 0,465299999999845
43 student 966,492 2,43359999999998
44 worker 1023,9998 0,527899999999908
45 nonworker 1018,4918 0,594300000000029
46 student 1002,492 2,67690000000001
47 worker 995,9998 4,5787999999992
48 nonworker 1080,4918 2,33689999999972
49 student 972,492 1,56070000000004
50 worker 1040,0018 4,44189999999958
51 nonworker 1060,0018 1,40779999999994
52 student 948,492 5,87709999999957
53 worker 1024,0018 2,33839999999954
54 nonworker 1056,4918 3,78389999999939
55 student 962,492 3,04089999999977
56 worker 998,4898 2,6318999999994
57 nonworker 1090,4898 0,699599999999654
58 student 992,492 0,253199999999993
59 worker 1003,9998 1,678
60 nonworker 1130,0018 0
61 student 1008,002 3,21500000000006
62 worker 997,9998 0
63 nonworker 1008,4918 4,25009999999924
64 student 1004,492 2,65409999999998
65 worker 1029,9998 0,882799999999918
66 nonworker 1070,4898 1,99749999999946
67 student 1000,492 7,05159999999998
68 worker 1007,9998 4,96939999999977
69 nonworker 1082,0018 3,26409999999926
70 student 948 1,12199999999991
71 worker 1014,4918 3,84379999999926
72 nonworker 1113,9998 1,31469999999999
73 student 968,492 2,14549999999989
74 worker 995,9998 1,2181
75 nonworker 1070,0018 2,68959999999903
76 student 930,492 1,34739999999987
77 worker 986,0018 2,09799999999912
78 nonworker 1024,4918 2,11369999999982
79 student 992,4918 3,3638
80 worker 1024,4898 3,12889999999965
81 nonworker 1017,9998 4,1379999999995
82 student 988,492 1,38299999999997
83 worker 1008,4918 2,88679999999956
84 nonworker 1082,0018 0,366199999999983
85 student 1004,492 3,68809999999992
86 worker 993,9998 1,12169999999981
87 nonworker 1052,4918 1,14759999999947
88 student 882,4918 3,6314
89 worker 1022,4898 2,65309999999991
90 nonworker 1135,9998 1,43700000000024
91 student 910,492 0,3809
92 worker 993,9998 2,10440000000005
93 nonworker 1048,0018 4,74299999999963
94 student 972,49 4,08960000000003
95 worker 1002,0018 2,24659999999985
96 nonworker 972,4918 2,20619999999998
97 student 920,492 2,73019999999988
98 worker 1026,4918 4,6698999999996
99 nonworker 1044,4898 1,45709999999991
100 student 1002,4918 2,1122
101 worker 1021,9998 1,3519
102 nonworker 1062,4918 1,2598
103 student 1000,4918 1,14900000000009
104 worker 1028,0018 2,39199999999975
105 nonworker 1032,4898 2,82090000000001
106 student 952,492 3,20159999999997
107 worker 1006,4918 3,04629999999993
108 nonworker 1036,492 4,57759999999939
109 student 916,492 2,20459999999996
110 worker 998,4918 1,36899999999993
111 nonworker 1098,0018 1,77099999999949
112 student 888,492 2,67140000000003
113 worker 957,9998 1,42439999999995
114 nonworker 1117,9998 2,63599999999993
115 student 956,492 4,17789999999946
116 worker 1010,4898 2,1269999999996
117 nonworker 1008,4918 0,46159999999999
118 student 976,4918 2,84380000000004
119 worker 1017,9998 0,9275
120 nonworker 1078,0018 0,1159
121 student 984,002 1,1098
122 worker 1006,4898 0,682699999999999
123 nonworker 1034,4898 0,995899999999835
124 student 962,492 1,9197
125 worker 1017,9998 0,5815
126 nonworker 1028,4918 6,61489999999985
127 student 986,4918 0,892499999999997
128 worker 1000,4918 2,25989999999929
129 nonworker 1084,4918 3,22719999999974
130 student 938,4918 3,4885999999999
131 worker 1013,9998 3,38929999999945
132 nonworker 1019,9998 2,24689999999951
133 student 956,492 0,706799999999951
134 worker 1016,4898 1,11869999999985
135 nonworker 1116,4918 3,88569999999982
136 student 984,492 1,36509999999988
137 worker 999,9998 1,0639
138 nonworker 1040,4898 1,84470000000004
139 student 968,492 1,58450000000004
140 worker 1015,9998 1,7117
141 nonworker 1058,002 1,73899999999956
142 student 922,492 1,10889999999994
143 worker 1017,9998 1,0331
144 nonworker 1051,9998 4,84729999999966
145 student 1012,492 2,45759999999994
146 worker 1012,4898 2,21119999999971
147 nonworker 1073,9998 4,83659999999944
148 student 994,4918 0,692299999999985
149 worker 1036,4898 1,5825
150 nonworker 1084,4898 2,62999999999999
151 student 976,492 0,918899999999976
152 worker 1017,9998 2,358
153 nonworker 1048,0018 0,512600000000106
154 student 966,492 2,86019999999989
155 worker 1030,0018 0,2988
156 nonworker 1032,0018 2,15720000000007
157 student 936,002 2,5388999999998
158 worker 981,9998 1,5277
159 nonworker 1034,4918 7,61649999999976
160 student 962,49 3,64879999999994
161 worker 1014,4918 1,6795
162 nonworker 1048,0018 0,486799999999974
163 student 922,492 0,481599999999972
164 worker 1000,0018 1,5312
165 nonworker 1124,0018 2,8793
166 student 964,4918 0,751500000000057
167 worker 983,9998 2,3755
168 nonworker 1018,4918 0
169 student 952,492 3,60040000000009
170 worker 1029,9998 0,359999999999673
171 nonworker 1104,4918 3,32099999999932
172 student 964,492 1,04549999999998
173 worker 1012,4918 2,55749999999923
174 nonworker 1026,4898 3,53259999999958
175 student 938,492 2,61819999999998
176 worker 1032,4918 7,5837999999994
177 nonworker 1046,492 0,839899999999988
178 student 1006,492 3,42560000000007
179 worker 988,4918 0,682499999999999
180 nonworker 1036,4918 0,615
181 student 964,492 1,28910000000008
182 worker 1016,4918 0,630599999999999
183 nonworker 1098,4918 0,521599999999999
184 student 946,4918 4,83819999999984
185 worker 1006,4898 0,982899999999955
186 nonworker 1098,4898 2,36379999999975
187 student 924,492 1,18279999999999
188 worker 982,4918 2,50129999999935
189 nonworker 1068,4898 5,01519999999956
190 student 946,49 1,78010000000013
191 worker 996,0018 2,03329999999965
192 nonworker 1032,4918 1,98059999999976
193 student 1012,4918 2,34589999999973
194 worker 1012,4918 3,19289999999948
195 nonworker 1070,4898 5,76789999999926
196 student 964,49 4,1286999999998
197 worker 1018,0018 3,11659999999937
198 nonworker 1038,4918 4,49359999999993
199 student 1002,49 0,554900000000028
200 worker 1019,9998 0,719799999999999
201 nonworker 1036,492 2,30689999999983
202 student 982,492 4,59830000000001
203 worker 1012,4918 5,93679999999978
204 nonworker 998,4898 3,87679999999952
205 student 944,492 6,23359999999998
206 worker 1024,4898 3,49479999999975
207 nonworker 1062,002 1,9316
208 student 928,492 2,49210000000008
209 worker 1005,9998 4,13349999999941
210 nonworker 1066,4918 2,2778
211 student 982,0018 0,516799999999996
212 worker 1023,9998 2,3008
213 nonworker 1018,492 3,66529999999992
214 student 960,492 2,60779999999972
215 worker 998,4918 6,2831999999994
216 nonworker 1021,9998 6,68499999999955
217 student 978,492 3,79030000000013
218 worker 984,4898 2,7102
219 nonworker 996,0018 3,09679999999939
220 student 1000,492 1,54539999999996
221 worker 1022,0018 8,58599999999939
222 nonworker 1090,0018 10,1923999999994
223 student 950,492 2,03359999999995
224 worker 1003,9998 8,55149999999944
225 nonworker 1084,0018 4,58169999999977
226 student 980,492 0,892800000000101
227 worker 1019,9998 1,65540000000005
228 nonworker 1012,4898 2,42719999999947
229 student 954,492 0,343399999999939
230 worker 1010,4898 2,01439999999984
231 nonworker 1037,9998 3,62539999999965
232 student 942,492 1,80479999999996
233 worker 1000,4918 3,79539999999995
234 nonworker 1044,4898 2,43060000000007
235 student 1006,492 1,36029999999993
236 worker 1026,4898 2,42109999999967
237 nonworker 1086,0018 6,93049999999959
238 student 960,0018 0,32800000000001
239 worker 1018,4918 0
240 nonworker 1114,4918 2,51759999999948
241 student 944,492 2,4952
242 worker 995,9998 0,85409999999982
243 nonworker 1068,4918 2,62639999999967
244 student 882,492 6,13409999999997
245 worker 1015,9998 2,59759999999946
246 nonworker 1032,4898 4,17809999999987
247 student 962,492 3,02669999999978
248 worker 991,9998 3,44849999999932
249 nonworker 1050,4898 2,77739999999946
250 student 978,492 1,80799999999997
251 worker 1018,0018 3,10819999999972
252 nonworker 1104,0018 1,88909999999992
253 student 962,4918 2,67359999999964
254 worker 1022,0018 0,431699999999999
255 nonworker 1050,4898 1,50789999999985
256 student 950,492 2,45549999999984
257 worker 1011,9998 6,21369999999944
258 nonworker 1082,4918 6,40239999999945
259 student 986,492 3,01639999999983
260 worker 1035,9998 0,5741
261 nonworker 1020,4898 0,319799999999997
262 student 984,492 1,60839999999992
263 worker 1023,9998 1,29729999999997
264 nonworker 1098,4898 0,158799999999999
265 student 962,492 3,18559999999977
266 worker 1002,4918 0,738699999999808
267 nonworker 988,4918 0
268 student 1004,492 0,09699999999998
269 worker 1018,4918 0,135999999999967
270 nonworker 1062,0018 1,4109
271 student 950,4898 1,5121
272 worker 1036,4918 1,4172
273 nonworker 1017,9998 2,47229999999998
274 student 926,492 2,6619
275 worker 1022,4918 0,4694
276 nonworker 1118,4918 1,5133
277 student 892,492 0,891900000000039
278 worker 995,9998 1,4917
279 nonworker 1030,4918 0,897999999999996
280 student 958,492 3,99019999999999
281 worker 1032,4898 1,97249999999984
282 nonworker 1070,4898 0,747299999999999
283 student 976,492 3,9069
284 worker 1019,9998 0,916299999999946
285 nonworker 1048,4898 2,4638
286 student 958,4918 1,95369999999982
287 worker 1019,9998 0
288 nonworker 1012,4918 2,50769999999983
289 student 982,4918 3,79279999999989
290 worker 1022,0018 0,766
291 nonworker 1102,4898 0,928799999999999
292 student 934,492 0,49360000000001
293 worker 1023,9998 0,958399999999999
294 nonworker 1106,4918 0,4772
295 student 990,492 4,09489999999981
296 worker 1019,9998 0,473099999999999
297 nonworker 1050,4898 0
298 student 1000,002 0
299 worker 1020,4918 0
